4294967278,87
4294967278,86
4294967278,84
4294967278,83
4294967278,82
4294967278,81
4294967278,80
4294967278,79
4294967278,77
4294967278,76
4294967278,75
4294967278,74
4294967278,73
4294967279,90
4294967279,89
4294967279,86
4294967279,85
4294967279,84
4294967279,78
4294967279,77
4294967279,76
4294967279,75
4294967279,74
4294967279,73
4294967279,72
4294967279,71
4294967293,131
4294967293,130
4294967293,129
4294967293,128
4294967293,127
4294967293,126
4294967293,125
4294967293,124
4294967293,123
4294967293,122
4294967293,121
4294967293,120
4294967293,119
4294967293,118
4294967293,117
4294967293,116
4294967293,115
4294967293,114
4294967293,113
4294967293,112
4294967293,111
4294967293,110
4294967293,109
4294967293,108
4294967293,107
4294967293,106
4294967293,105
4294967293,104
4294967293,103
4294967293,102
4294967293,101
4294967293,100
4294967293,99
4294967293,98
4294967293,97
4294967293,96
4294967293,95
4294967293,94
4294967293,93
4294967293,92
4294967293,91
4294967293,90
4294967293,89
4294967293,87
4294967293,86
4294967293,85
4294967293,84
4294967293,83
4294967293,82
4294967293,81
4294967293,80
4294967293,79
4294967293,78
4294967293,77
4294967293,76
4294967293,75
4294967293,74
4294967293,73
4294967293,72
4294967293,71
4294967293,70
4294967293,69
4294967293,68
4294967293,67
4294967293,66
4294967293,65
4294967293,64
4294967293,63
4294967293,62
4294967293,61
4294967293,60
4294967293,59
4294967293,58
4294967293,57
4294967293,56
4294967293,55
4294967293,54
4294967293,53
4294967293,52
4294967293,51
4294967293,50
4294967293,49
4294967293,48
4294967293,47
4294967293,46
4294967293,45
4294967293,44
4294967293,43
4294967293,42
4294967293,41
4294967293,40
4294967293,39
4294967293,38
4294967293,37
4294967293,36
4294967293,35
4294967293,34
4294967293,33
4294967293,32
4294967293,31
4294967293,30
4294967293,29
4294967293,28
4294967293,27
4294967293,26
4294967293,25
4294967293,24
4294967293,23
4294967293,22
4294967293,21
4294967293,20
4294967293,19
4294967293,18
4294967293,17
4294967293,16
4294967293,15
4294967293,14
4294967293,13
4294967293,12
4294967293,11
4294967293,10
4294967293,9
4294967293,8
4294967293,7
4294967293,6
4294967293,5
4294967293,4
4294967293,3
4294967278,116
4294967278,105
4294967278,104
4294967278,103
4294967278,102
4294967278,100
4294967278,99
4294967278,97
4294967278,96
4294967278,94
4294967278,93
4294967278,92
4294967278,91
4294967278,404
4294967278,68
4294967278,431
4294967278,67
4294967278,66
4294967278,65
4294967278,64
4294967278,63
4294967278,62
4294967278,59
4294967278,58
4294967278,57
4294967278,55
4294967278,54
4294967278,53
4294967278,52
4294967278,51
4294967278,50
4294967278,49
4294967278,48
4294967278,47
4294967278,46
4294967278,45
4294967278,44
4294967278,43
4294967278,42
4294967278,41
4294967278,40
4294967278,39
4294967278,38
4294967278,37
4294967278,36
4294967278,35
4294967278,34
4294967278,33
4294967278,32
4294967278,31
4294967278,30
4294967278,29
4294967278,28
4294967278,27
4294967278,25
4294967278,24
4294967278,17
4294967278,14
4294967278,174
4294967278,260
4294967278,88
4294967278,0
4294967278,350
4294967279,126
4294967279,120
4294967279,119
4294967279,118
4294967279,117
4294967279,105
4294967279,97
4294967279,96
4294967279,87
4294967279,83
4294967279,327
4294967279,70
4294967279,404
4294967279,69
4294967279,461
4294967279,68
4294967279,67
4294967279,66
4294967279,64
4294967279,63
4294967279,324
4294967279,60
4294967279,394
4294967279,59
4294967279,58
4294967279,57
4294967279,55
4294967279,54
4294967279,52
4294967279,51
4294967279,46
4294967279,45
4294967279,174
4294967279,88
4294967279,2
4294967279,0
4294967279,410
4294967278,430
4294967278,340
4294967294,332
4294967294,334
4294967294,331
4294967294,411
4294967294,1297
4294967294,1308
4294967294,1502
4294967294,1283
4294967294,330
4294967294,2340
4294967294,1281
4294967294,99
1,0
4294967294,1305
4294967294,104
4294967294,106
4294967294,107
4294967294,407
4294967294,1004
4294967294,1001
4294967294,1000
4294967294,999
4294967294,997
4294967294,996
4294967294,995
4294967294,994
4294967294,993
4294967294,992
4294967294,733
4294967294,990
4294967294,989
4294967294,988
4294967294,986
4294967294,985
4294967294,983
4294967294,982
4294967294,981
4294967294,980
4294967294,979
4294967294,978
4294967294,977
4294967294,976
4294967294,975
4294967294,974
4294967294,973
4294967294,971
4294967294,970
4294967294,969
4294967294,968
4294967294,967
4294967294,965
4294967294,964
4294967294,963
4294967294,962
4294967294,961
4294967294,960
4294967294,958
4294967294,956
4294967294,954
4294967294,953
4294967294,952
4294967294,727
4294967294,951
4294967294,950
4294967294,949
4294967294,948
4294967294,947
4294967294,946
4294967294,945
4294967294,944
4294967294,943
4294967294,942
4294967294,940
4294967294,939
4294967294,938
4294967294,937
4294967294,936
4294967294,935
4294967294,934
4294967294,933
4294967294,931
4294967294,930
4294967294,929
4294967294,928
4294967294,927
4294967294,926
4294967294,925
4294967294,924
4294967294,923
4294967294,921
4294967294,920
4294967294,919
4294967294,918
4294967294,917
4294967294,916
4294967294,911
4294967294,909
4294967294,905
4294967294,904
4294967294,903
4294967294,902
4294967294,900
4294967294,899
4294967294,898
4294967294,897
4294967294,896
4294967294,895
4294967294,894
4294967294,893
4294967294,890
4294967294,888
4294967294,721
4294967294,886
4294967294,885
4294967294,884
4294967294,877
4294967294,876
4294967294,722
4294967294,874
4294967294,871
4294967294,870
4294967294,869
4294967294,868
4294967294,867
4294967294,866
4294967294,865
4294967294,864
4294967294,863
4294967294,862
4294967294,861
4294967294,859
4294967294,857
4294967294,854
4294967294,853
4294967294,852
4294967294,851
4294967294,849
4294967294,731
4294967294,847
4294967294,723
4294967294,845
4294967294,844
4294967294,843
4294967294,840
4294967294,839
4294967294,837
4294967294,835
4294967294,720
4294967294,834
4294967294,833
4294967294,832
4294967294,830
4294967294,829
4294967294,828
4294967294,826
4294967294,825
4294967294,823
4294967294,822
4294967294,821
4294967294,819
4294967294,711
4294967294,815
4294967294,814
4294967294,813
4294967294,812
4294967294,811
4294967294,810
4294967294,808
4294967294,806
4294967294,804
4294967294,714
4294967294,801
4294967294,800
4294967294,799
4294967294,798
4294967294,716
4294967294,797
4294967294,795
4294967294,794
4294967294,790
4294967294,789
4294967294,788
4294967294,787
4294967294,786
4294967294,785
4294967294,784
4294967294,782
4294967294,781
4294967294,779
4294967294,778
4294967294,775
4294967294,772
4294967294,770
4294967294,712
4294967294,703
4294967294,701
4294967294,700
4294967294,715
4294967294,697
4294967294,713
4294967294,708
4294967294,696
4294967294,705
4294967294,695
4294967294,694
4294967294,693
4294967294,637
4294967294,691
4294967294,718
4294967294,690
4294967294,688
4294967294,687
4294967294,72
4294967294,686
4294967294,71
4294967294,685
4294967294,70
4294967294,684
4294967294,683
4294967294,681
4294967294,680
4294967294,679
4294967294,677
4294967294,674
4294967294,673
4294967294,671
4294967294,669
4294967294,663
4294967294,662
4294967294,660
4294967294,659
4294967294,653
4294967294,651
4294967294,650
4294967294,648
4294967294,647
4294967294,645
4294967294,643
4294967294,641
4294967294,636
4294967294,633
4294967294,632
4294967294,631
4294967294,625
4294967294,624
4294967294,639
4294967294,732
4294967294,620
4294967294,628
4294967294,617
4294967294,616
4294967294,615
4294967294,614
4294967294,706
4294967294,613
4294967294,719
4294967294,612
4294967294,611
4294967294,610
4294967294,730
4294967294,609
4294967294,710
4294967294,608
4294967294,729
4294967294,607
4294967294,627
4294967294,606
4294967294,605
4294967294,728
4294967294,604
4294967294,724
4294967294,707
4294967294,717
4294967294,638
4294967294,603
4294967294,726
4294967294,915
4294967294,725
4294967294,878
4294967294,704
4294967294,875
4294967294,792
4294967294,709
4294967294,791
4294967294,1201
4294967294,2339
4294967294,1087
4294967294,1317
4294967294,1403
4294967294,2338
4294967294,1024
4294967294,2336
4294967294,2337
4294967294,1404
4294967294,765
4294967294,1296
4294967278,410
4294967279,383
4294967279,393
4294967278,419
4294967279,346
4294967278,448
4294967278,327
4294967279,387
4294967278,326
4294967279,333
4294967279,319
4294967279,157
4294967278,230
4294967278,284
4294967279,382
4294967279,381
4294967279,380
4294967294,326
4294967294,2335
4294967294,1326
4294967294,1327
4294967294,1401
4294967294,767
4294967294,1197
4294967294,2
4294967294,2333
4294967294,2332
4294967294,1330
4294967294,1396
4294967294,2334
4294967294,1400
4294967294,139
4294967294,24
4294967294,1399
4294967294,2331
4294967294,1392
4294967294,2330
4294967294,1753
4294967294,130
4294967294,1379
4294967294,2329
4294967294,756
4294967294,157
4294967294,140
4294967294,760
4294967294,1200
4294967294,46
4294967294,747
4294967294,1366
4294967294,166
4294967294,2328
4294967294,1377
4294967294,324
4294967294,328
4294967294,325
4294967294,2327
4294967294,1465
4294967294,2326
4294967294,2325
4294967294,413
4294967294,581
4294967294,1302
4294967294,1
4294967294,164
4294967294,1368
4294967294,1199
4294967294,1064
4294967294,91
4294967294,90
4294967294,88
4294967294,87
4294967294,86
4294967294,1182
4294967294,82
4294967294,83
4294967294,1732
4294967294,1769
4294967294,1731
4294967294,1730
4294967294,1728
4294967294,1729
4294967294,53
4294967294,51
4294967294,52
4294967294,45
4294967294,43
4294967294,44
4294967294,3
4294967294,8
4294967278,345
4294967279,378
4294967279,423
4294967278,344
4294967278,321
4294967279,377
4294967278,343
4294967278,314
4294967278,301
4294967278,309
4294967278,342
4294967278,341
4294967279,375
4294967279,374
4294967278,228
4294967278,308
4294967279,249
4294967279,373
4294967278,364
4294967278,307
4294967279,379
4294967279,386
4294967278,335
4294967278,363
4294967278,362
4294967278,267
4294967279,424
4294967278,298
4294967279,372
4294967279,278
4294967278,285
4294967279,243
4294967279,369
4294967279,368
4294967279,432
4294967279,431
4294967279,367
4294967278,261
4294967279,366
4294967279,419
4294967278,432
4294967279,365
4294967279,364
4294967278,320
4294967278,319
4294967278,313
4294967278,312
4294967279,376
4294967279,275
4294967278,299
4294967278,137
4294967278,277
4294967279,371
4294967279,370
4294967279,363
4294967279,362
4294967278,336
4294967278,447
4294967278,311
4294967279,442
4294967279,247
4294967279,245
4294967278,290
4294967279,220
4294967278,289
4294967294,1459
4294967294,1369
4294967294,2324
4294967294,1083
4294967294,156
4294967294,2322
4294967294,1076
4294967294,2321
4294967294,2320
4294967294,1065
4294967294,322
4294967294,403
4294967294,1288
4294967294,404
4294967294,1054
4294967294,2319
4294967294,2317
4294967294,149
4294967294,323
4294967294,142
4294967294,2316
4294967294,144
4294967294,1062
4294967294,2315
4294967294,320
4294967294,2313
4294967294,1301
4294967294,1061
